    21   519     54    24
    120  516     48    30
    222  516     36    33
    315  519     42    33
    405  525     54    27
    498  525     60    24
    594  525     63    21
    696  522     51    21
    792  519     51    21
    885  519     57    24

    21   615     54    24
    117  621     57    21
    213  618     57    24
    315  615     39    33
    402  624     57    27
    495  624     63    24
    591  630     60    18
    690  627     60    18
    786  621     60    24
    882  615     60    24
