     8    10    44    62
    70     6    44    66

   190    12    56    60
   258    12    40    60
   312    14    52    58
   
     2    90    58    54

    62    74    62    70
   124    74    62    70
   186    74    62    70

   254    72    50    70
   312    72    54    72
     2   144    54    72

    62   195    62    21

   132   150    44    66
   194   150    44    66
   256   150    44    66

   312   144    58    72
     2   216    58    72
    64   216    58    72

   124   216    58    72
   186   216    58    72
   248   216    58    72

   310   222    61    60
     0   294    61    60
    62   294    61    60

   124   296    56    64
   186   297    56    64
   248   296    56    64
   
   

   
   
   


     