    27    69     42    27
    123   69     45    27
    219   69     45    27
    315   69     48    27
    411   72     48    24
    507   72     45    24
    603   72     42    24
    699   72     42    24
    795   72     42    24
    891   72     42    24

     27  165     42    27
    123  165     42    27
    222  162     45    30
    324  162     36    30
    423  159     33    33
    519  159     36    33
    615  159     33    33
    711  159     36    33
    804  162     39    30
    894  162     42    33
    
     27  261     42    27
    123  258     45    30
    219  261     48    27
    315  264     45    24
    411  264     48    24
    507  261     48    27
    603  258     48    30
    699  261     48    27
    795  264     48    24
    891  264     45    24
