    21   711     54    21
    123  708     48    27
    225  708     36    30
    315  711     42    30
    405  717     54    27
    495  717     60    21
    591  720     63    15
    696  717     51    15
    792  714     51    15
    885  714     57    18

    21   807     54    24
    117  813     57    21
    213  810     57    24
    315  807     39    33
    402  816     57    27
    495  816     63    24
    591  822     60    18
    690  819     60    18
    786  813     60    24
    882  807     60    24
